epoch=10
train_loss=0.000767
val_loss=0.000438
