epoch=2
train_loss=0.002561
val_loss=0.001236
