epoch=2
train_loss=0.000201
val_loss=0.000149
