epoch=8
train_loss=0.000950
val_loss=0.000529
